    -0.99375
    -0.98125
    -0.96875
    -0.95625
    -0.94375
    -0.93125
    -0.91875
    -0.90625
    -0.89375
    -0.88125
    -0.86875
    -0.85625
    -0.84375
    -0.83125
    -0.81875
    -0.80625
    -0.79375
    -0.78125
    -0.76875
    -0.75625
    -0.74375
    -0.73125
    -0.71875
    -0.70625
    -0.69375
    -0.68125
    -0.66875
    -0.65625
    -0.64375
    -0.63125
    -0.61875
    -0.60625
    -0.59375
    -0.58125
    -0.56875
    -0.55625
    -0.54375
    -0.53125
    -0.51875
    -0.50625
    -0.49375
    -0.48125
    -0.46875
    -0.45625
    -0.44375
    -0.43125
    -0.41875
    -0.40625
    -0.39375
    -0.38125
    -0.36875
    -0.35625
    -0.34375
    -0.33125
    -0.31875
    -0.30625
    -0.29375
    -0.28125
    -0.26875
    -0.25625
    -0.24375
    -0.23125
    -0.21875
    -0.20625
    -0.19375
    -0.18125
    -0.16875
    -0.15625
    -0.14375
    -0.13125
    -0.11875
    -0.10625
    -0.09375
    -0.08125
    -0.06875
    -0.05625
    -0.04375
    -0.03125
    -0.01875
    -0.00625
     0.00625
     0.01875
     0.03125
     0.04375
     0.05625
     0.06875
     0.08125
     0.09375
     0.10625
     0.11875
     0.13125
     0.14375
     0.15625
     0.16875
     0.18125
     0.19375
     0.20625
     0.21875
     0.23125
     0.24375
     0.25625
     0.26875
     0.28125
     0.29375
     0.30625
     0.31875
     0.33125
     0.34375
     0.35625
     0.36875
     0.38125
     0.39375
     0.40625
     0.41875
     0.43125
     0.44375
     0.45625
     0.46875
     0.48125
     0.49375
     0.50625
     0.51875
     0.53125
     0.54375
     0.55625
     0.56875
     0.58125
     0.59375
     0.60625
     0.61875
     0.63125
     0.64375
     0.65625
     0.66875
     0.68125
     0.69375
     0.70625
     0.71875
     0.73125
     0.74375
     0.75625
     0.76875
     0.78125
     0.79375
     0.80625
     0.81875
     0.83125
     0.84375
     0.85625
     0.86875
     0.88125
     0.89375
     0.90625
     0.91875
     0.93125
     0.94375
     0.95625
     0.96875
     0.98125
     0.99375
     1.00625
     1.01875
     1.03125
     1.04375
     1.05625
     1.06875
     1.08125
     1.09375
     1.10625
     1.11875
     1.13125
     1.14375
     1.15625
     1.16875
     1.18125
     1.19375
     1.20625
     1.21875
     1.23125
     1.24375
     1.25625
     1.26875
     1.28125
     1.29375
     1.30625
     1.31875
     1.33125
     1.34375
     1.35625
     1.36875
     1.38125
     1.39375
     1.40625
     1.41875
     1.43125
     1.44375
     1.45625
     1.46875
     1.48125
     1.49375
     1.50625
     1.51875
     1.53125
     1.54375
     1.55625
     1.56875
     1.58125
     1.59375
     1.60625
     1.61875
     1.63125
     1.64375
     1.65625
     1.66875
     1.68125
     1.69375
     1.70625
     1.71875
     1.73125
     1.74375
     1.75625
     1.76875
     1.78125
     1.79375
     1.80625
     1.81875
     1.83125
     1.84375
     1.85625
     1.86875
     1.88125
     1.89375
     1.90625
     1.91875
     1.93125
     1.94375
     1.95625
     1.96875
     1.98125
     1.99375
     2.00625
     2.01875
     2.03125
     2.04375
     2.05625
     2.06875
     2.08125
     2.09375
     2.10625
     2.11875
     2.13125
     2.14375
     2.15625
     2.16875
     2.18125
     2.19375
     2.20625
     2.21875
     2.23125
     2.24375
     2.25625
     2.26875
     2.28125
     2.29375
     2.30625
     2.31875
     2.33125
     2.34375
     2.35625
     2.36875
     2.38125
     2.39375
     2.40625
     2.41875
     2.43125
     2.44375
     2.45625
     2.46875
     2.48125
     2.49375
     2.50625
     2.51875
     2.53125
     2.54375
     2.55625
     2.56875
     2.58125
     2.59375
     2.60625
     2.61875
     2.63125
     2.64375
     2.65625
     2.66875
     2.68125
     2.69375
     2.70625
     2.71875
     2.73125
     2.74375
     2.75625
     2.76875
     2.78125
     2.79375
     2.80625
     2.81875
     2.83125
     2.84375
     2.85625
     2.86875
     2.88125
     2.89375
     2.90625
     2.91875
     2.93125
     2.94375
     2.95625
     2.96875
     2.98125
     2.99375
     3.00625
     3.01875
     3.03125
     3.04375
     3.05625
     3.06875
     3.08125
     3.09375
     3.10625
     3.11875
     3.13125
     3.14375
     3.15625
     3.16875
     3.18125
     3.19375
     3.20625
     3.21875
     3.23125
     3.24375
     3.25625
     3.26875
     3.28125
     3.29375
     3.30625
     3.31875
     3.33125
     3.34375
     3.35625
     3.36875
     3.38125
     3.39375
     3.40625
     3.41875
     3.43125
     3.44375
     3.45625
     3.46875
     3.48125
     3.49375
     3.50625
     3.51875
     3.53125
     3.54375
     3.55625
     3.56875
     3.58125
     3.59375
     3.60625
     3.61875
     3.63125
     3.64375
     3.65625
     3.66875
     3.68125
     3.69375
     3.70625
     3.71875
     3.73125
     3.74375
     3.75625
     3.76875
     3.78125
     3.79375
     3.80625
     3.81875
     3.83125
     3.84375
     3.85625
     3.86875
     3.88125
     3.89375
     3.90625
     3.91875
     3.93125
     3.94375
     3.95625
     3.96875
     3.98125
     3.99375
